image_width: 1280
image_height: 720
camera_name: left_camera
camera_matrix:
  rows: 3
  cols: 3
  data: [699.277, 0, 663.473, 0, 699.277, 351.115, 0, 0, 1]
distortion_model: plumb_bob
distortion_coefficients:
  rows: 1
  cols: 5
  data: [-0.173774, 0.0262478, 0, 0, 0]
rectification_matrix:
  rows: 3
  cols: 3
  data: [1, 0, 0, 0, 1, 0, 0, 0, 1]
projection_matrix:
  rows: 3
  cols: 4
  data: [699.277, 0, 663.473, 0, 0, 699.277, 351.115, 0, 0, 0, 1, 0]
