[LEFT_CAM_2K]
cx=1153.95
cy=606.23
fx=1398.55
fy=1398.55
k1=-0.173774
k2=0.0262478

[LEFT_CAM_FHD]
cx=1009.95
cy=525.23
fx=1398.55
fy=1398.55
k1=-0.173774
k2=0.0262478

[LEFT_CAM_HD]
cx=663.473
cy=351.115
fx=699.277
fy=699.277
k1=-0.173774
k2=0.0262478

[LEFT_CAM_VGA]
cx=343.473
cy=231.115
fx=699.277
fy=699.277
k1=-0.173774
k2=0.0262478

[RIGHT_CAM_2K]
cx=1173.79
cy=602.611
fx=1401.44
fy=1401.44
k1=-0.172575
k2=0.0255858

[RIGHT_CAM_FHD]
cx=1029.79
cy=521.611
fx=1401.44
fy=1401.44
k1=-0.172575
k2=0.0255858

[RIGHT_CAM_HD]
cx=673.393
cy=349.306
fx=700.72
fy=700.72
k1=-0.172575
k2=0.0255858

[RIGHT_CAM_VGA]
cx=353.393
cy=229.306
fx=700.72
fy=700.72
k1=-0.172575
k2=0.0255858

[STEREO]
BaseLine=120
CV_2K=0.0139689
CV_FHD=0.0139689
CV_HD=0.0139689
CV_VGA=0.0139689
RX_2K=-0.00251904
RX_FHD=-0.00251904
RX_HD=-0.00251904
RX_VGA=-0.00251904
RZ_2K=0.000205762
RZ_FHD=0.000205762
RZ_HD=0.000205762
RZ_VGA=0.000205762
